$ANSIBLE_VAULT;1.1;AES256
31393362633164353331633331376666636634316465623765613839343931623665666237316234
6535353064383761356264363239646166383062373133660a383465336366613162353833356565
32326434313633376630373739646337343131353866373964633764333632636236326235336362
6636346562666265350a663765626536336533643636333265396463316166303262373334633866
36393532613032336334373635366364353831376463633839366337653230653039346536336362
34366336646236316336323164376233326164653635653332616434636439373636646634353765
38653733313439646531303065393831633063393832653935623931313163333632336665333636
38616138303062356231343231373230363432323866303161643961383161323562356664633761
37343861393562626536383335623961396131393830643335393665336166643632376330356361
62653535366665336661613737376438393938306365623030366464383837663036343365363130
30656134636336343232636138643536636436646636363739636133333564646466666264366363
32346238343631333434363833346631356130656438366134346164383234363562373430653566
35383638346364336532636135656262353263663237383032383239613736623931346130633635
30343564373062643635316636363435623662636164383661643233383137626261653138333665
38396466306162613961626365353965376564376338636438373339336330646365643130316539
39643535323161633533363236643039386562363030396137306135356164343066626539663065
39616231656238396336353635656431653036353662623865396563396461396236326266623834
37663863623239643762313136313535306332316664653838613665633065613363633332633737
65616335633030656639326564663961623435333138343364376638316136333932393635653836
34613336303031656535