$ANSIBLE_VAULT;1.2;AES256;prod
31613537353864633838393437303639383430653561633562366134313837633262323437653330
6661386236653430336134383831393032396561376439650a633865666265643232393765613231
63626232323336323566356666396664336562356635316166613933396636363161656161383234
3135326665653766610a616539613738393336653435626262653733356637363739303431323637
31343337373065633135623965336230613330383066383462613037643466663966633337326532
34303466643037343430363937346334623337366531636638313361616132393732353632376461
34643866313662373561386364396337336331356630336665666638323639646563643539663162
38633832353566646162363131353330646561636634613136316535623964336534323433326538
63303166373130393961313238643264383938626461303336646137623862356163323232346331
62313037636332316239393566383337376639373631333835643037323361626138313438326334
35313036373431363566346433316662626433386435643834653536333535313738313535306137
34616136633564336438303431396462643437366161666538663637663366333139633664373137
30393661333432616330613335636635346534633064663162373361323236393863356566663538
31313838343863626438653338633038383133643333303333333062316462383738646335386161
62373230336332323339326666636331393765643032333566333536373939623934326565383230
63333830373466666138393463643633393966396639363261313235663338313233326161326430
35343563333466393765343435643430353162653535333935343561343437373135613835343432
61313562383761373762373932366634343938373033616466646634663435313062313339656664
34613032383530643463633538306339333734363032306637326161626465333234326633613264
32383332323035333365643763386434386462363630633165636433663934353332386331616330
66313736303536623663656530623266316539346239313037626463336364623437393436656432
37366636396539616362663731396564336630383764333037646561383135386334336338396134
37336335636366373564383262383162643463613532303536633234306633613436386562616164
37323531396362613166386161323131356466336539653162366230636433393538366434313133
61656236356363656130653430383264393030313661303438303564356662663538316533376661
36643537363431363539616231333964316632616265373065363439323732616234633761306239
33303336613561353333373866353830353237613336643735346532396435646538313732373536
65643735623938343465363333346532626438613831336433356364616361643436653534666237
32666337303234323432356235396665613333393666396133346366343464303635633733666162
66343134303438643236366664623964343337373137303332303662613835383939306533386363
61373734616261343235386633393736336538653538313334303264643561353263353436333261
63646665633930393534363932303938623637393464643661393538643433353234306564373861
31343063373639613737363538626262653365356261306535386639646630303133326166326536
34636230363836666634633734323234643037356363386364326466366331313266646334386364
35393664336265653166623637373436663738623434376461646263336264383536303933323233
32383064393762346262313661643865366566643362623631313634303939323934633334323530
35303064653039623432376430356464373163666433393631343464316335363537666461333264
32343863383039626563646337343439376331303937386535396432313938666130653065366433
65306261646130633465633539353365356163613733383665336139663561636565343333303536
63363034313934636539393732633863353066663664623439316537393264356363313132643662
64633462333638343664356337613565333531616330343930663934373062653163316235343532
64653661313837323732306561666438386236396164666237663065613766313533626337363061
61623862363365626463323839306331636463636533396664363935353263356661633935373366
38313333396134653936393335623333663231346638343733343331343863646664303430383862
64643763303338363536663630313036663861376662623765663265323733353337393730626262
61393361383963373431646438613631623031316264636562383565633431646135663665343531
32343932393739646234663033613036656264633264393761396661613232656639346432323163
38313239623361613439343064393633336363663333313237313161376234353666616236396135
38373464383361366463636333373766326339306265396265656139343236366238393237616363
66386363326530633137316261636236333934666531393733616261386330653539613364383064
31653962383039613531356135643034636431666632336338393066613862323536643130626532
33333032316634366263353864373361616339633232336332356333333135633466326232393262
39323162363163353036653938396631393430363365633138313630633739396438323761393137
63656330306637373535643165383635393663313238363333363661613435353636653239336163
383063383432646566366264623862636465